1 5 20 25
42

1 1 1 1 1 1 1 1 1 1 1 1 1 1 1 1 1 1 1 1 1 1 1 1 1 1 1 1 1 1 1 1 1 1 1 1 1 1 1 1 1 1

5 5 5 5 5 5 5 5 (1 1)

20 20 (1 1)

(1 1) -> 1 1

1 1

20 20 1 1


2 3 5 7
11

2 2 2 2 2 (1)

3 1 3 1 3 -> 3 3 3 (1 1)

5 1 5 -> 5 5 (1)

7 1 1 1 -> 7 (1 1 1 1)

(1 1 1 1) -> 1 1 1 1

2 2

7 2 2


1 5 20 25
42

t42,00
42|25 = 01, 17 t17,01
42|20 = 02, 02 t02,02
42|05 = 08, 02 t02,08 - (off mert t02-ben van kisebb)
42|01 = 42, 00 +42

t17,01:
17|25 - (off mert kissebb a maradék)
17|20 - (off mert kissebb a maradék)
17|5 = 03, 02 t02,03 t02,04 - (off mert t02-ben van kisebb)
17|1 = 17, 00 +18

t02,02:
02|01 = 02, 00 +04

Megoldás:
20 20 1 1

Van még egy off: (off mert az eddigi megoldás jobb)



